camera_matrix:
  cols: 3
  data: [338.81946180832574, 0.0, 326.66950360401523, 0.0, 339.5982146662145, 228.002648610418,
    0.0, 0.0, 1.0]
  rows: 3
camera_name: ss42/camera_node
distortion_coefficients:
  cols: 5
  data: [-0.27461809148614347, 0.05310162092969184, -0.0028468333210795024, 0.0008335823753335609,
    0.0]
  rows: 1
distortion_model: plumb_bob
image_height: 480
image_width: 640
projection_matrix:
  cols: 4
  data: [229.75657653808594, 0.0, 326.88036190003913, 0.0, 0.0, 279.500244140625,
    218.55408220592653, 0.0, 0.0, 0.0, 1.0, 0.0]
  rows: 3
rectification_matrix:
  cols: 3
  data: [1.0, 0.0, 0.0, 0.0, 1.0, 0.0, 0.0, 0.0, 1.0]
  rows: 3
